1000 1 32.778989 0.500000 2.000000
10000 1 188.907434 0.500000 2.000000
100000 1 1157.143386 0.500000 2.000000
500000 1 5391.208455 0.500000 2.000000
1000000 1 9945.749305 0.500000 2.000000
5000000 1 44812.805951 0.500000 2.000000
1000 1 33.044395 0.500000 2.000000
10000 1 198.516587 0.500000 2.000000
100000 1 1122.860704 0.500000 2.000000
500000 1 5457.042716 0.500000 2.000000
1000000 1 9620.160796 0.500000 2.000000
5000000 1 44762.812555 0.500000 2.000000
10000 1 196.537643 0.500000 2.000000
100000 1 1114.870771 0.500000 2.000000
1000000 1 9992.745705 0.500000 2.000000
10000000 1 97919.151187 0.500000 2.000000
20000000 1 192983.388901 0.500000 2.000000
