1000 1 81.851715 0.500000 2.000000
10000 1 453.169632 0.500000 2.000000
100000 1 3820.028156 0.500000 2.000000
500000 1 16994.947568 0.500000 2.000000
1000000 1 35049.226135 0.500000 2.000000
5000000 1 172158.092260 0.500000 2.000000
1000 1 54.561486 0.500000 2.000000
10000 1 402.705919 0.500000 2.000000
100000 1 3622.381249 0.500000 2.000000
500000 1 16996.964812 0.500000 2.000000
1000000 1 35040.449351 0.500000 2.000000
5000000 1 172178.968787 0.500000 2.000000
10000 1 488.419901 0.500000 2.000000
100000 1 3654.351458 0.500000 2.000000
1000000 1 35294.637084 0.500000 2.000000
10000000 1 345478.564501 0.500000 2.000000
20000000 1 692439.556122 0.500000 2.000000
