1000 1 52.511972 0.500000 2.000000
10000 1 316.614140 0.500000 2.000000
100000 1 2795.988228 0.500000 2.000000
500000 1 13582.050800 0.500000 2.000000
1000000 1 25003.815070 0.500000 2.000000
5000000 1 131093.025208 0.500000 2.000000
1000 1 18.289629 0.500000 2.000000
10000 1 245.129311 0.500000 2.000000
100000 1 2418.949502 0.500000 2.000000
500000 1 13577.253558 0.500000 2.000000
1000000 1 24954.218417 0.500000 2.000000
5000000 1 131164.819002 0.500000 2.000000
1000 1 18.574148 0.500000 2.000000
10000 1 246.116804 0.500000 2.000000
100000 1 2423.543483 0.500000 2.000000
500000 1 13630.943373 0.500000 2.000000
1000000 1 24959.474802 0.500000 2.000000
5000000 1 131119.683385 0.500000 2.000000
1000 1 18.300871 0.500000 2.000000
10000 1 243.125702 0.500000 2.000000
100000 1 2418.444259 0.500000 2.000000
500000 1 13628.818095 0.500000 2.000000
1000000 1 25035.081431 0.500000 2.000000
5000000 1 131163.388491 0.500000 2.000000
10000 1 353.759155 0.500000 2.000000
100000 1 2664.622152 0.500000 2.000000
1000000 1 24991.337210 0.500000 2.000000
10000000 1 263537.526131 0.500000 2.000000
10000 1 347.522961 0.500000 2.000000
100000 1 2675.529337 0.500000 2.000000
1000000 1 25019.381195 0.500000 2.000000
10000000 1 263909.637928 0.500000 2.000000
20000000 1 658811.569214 0.500000 2.000000
